2 24
7 18 
17 11 
1  0  0  0  0  1  0  0  0  0  0  0  0  0  0  0  0  0  0  0  0  0  0
1  0  0  0  0  1  0  0  0  0  0  0  0  0  0  0  0  0  0  0  0  0
1  0  0  0  0  1  0  0  0  0  0  0  0  0  0  0  0  0  0  0  0
1  0  0  0  0  1  0  0  0  0  0  0  0  0  0  0  0  0  0  0
1  0  0  0  0  1  0  0  0  0  0  0  0  0  0  0  0  0  0
0  0  0  0  0  1  0  0  0  0  0  0  0  0  0  0  0  0
1  0  0  0  0  1  0  0  0  0  0  0  0  0  0  0  0
1  0  0  0  0  1  0  0  0  0  0  0  0  0  0  0
0  0  0  0  0  0  0  0  0  0  0  0  0  0  0
1  0  0  0  0  0  0  0  0  0  0  0  0  0
1  0  0  0  0  1  0  0  0  0  0  0  0
0  0  0  0  0  1  0  0  0  0  0  0
1  0  0  0  0  1  0  0  0  0  0
0  0  0  0  0  1  0  0  0  0
0  0  0  0  0  1  0  0  0
1  0  0  0  0  1  0  0
1  0  0  0  0  1  0
0  0  0  0  0  1
1  0  0  0  0
1  0  0  0
1  0  0
1  0
1